Car 0 0 0 0 0 0 0 2.56 1.98 5.92 -43.53 2.72 18.77 -3.13 123
Car 0 0 0 0 0 0 0 1.54 1.78 3.7 9.47 2.75 -11.34 1.57 119
Car 0 0 0 0 0 0 0 1.26 0.86 2.2 -11.79 2.79 15.18 -0.0 117
Car 0 0 0 0 0 0 0 1.52 2.0 4.52 -30.34 2.7 -45.93 0.01 115
Car 0 0 0 0 0 0 0 1.08 0.86 1.48 39.96 2.71 15.33 -0.0 109
Car 0 0 0 0 0 0 0 1.48 2.16 4.8 -21.44 2.74 -39.18 -3.13 96
Car 0 0 0 0 0 0 0 1.58 1.8 5.36 17.44 2.72 -23.26 -1.57 95
Car 0 0 0 0 0 0 0 3.82 2.9 8.46 -21.17 2.71 -49.65 0.01 94
Car 0 0 0 0 0 0 0 1.64 1.92 5.24 -11.85 2.74 -42.69 -3.13 92
Car 0 0 0 0 0 0 0 1.48 1.98 3.8 39.66 2.7 -46.76 0.01 89
Car 0 0 0 0 0 0 0 1.14 0.0 2.04 -37.44 2.74 22.15 -3.13 82
Car 0 0 0 0 0 0 0 1.64 1.92 5.24 -35.86 2.74 11.67 0.01 81
Car 0 0 0 0 0 0 0 3.82 2.9 8.46 35.67 2.71 11.81 -0.0 76
Car 0 0 0 0 0 0 0 2.1 2.38 6.28 6.0 2.72 -2.8 1.57 74
Car 0 0 0 0 0 0 0 1.76 2.1 4.56 -13.6 2.74 22.17 3.14 73
Car 0 0 0 0 0 0 0 1.54 1.78 3.7 17.47 2.75 -12.67 -1.57 72
Car 0 0 0 0 0 0 0 1.48 1.82 4.2 5.97 2.75 -14.03 1.57 69
Car 0 0 0 0 0 0 0 1.08 0.86 1.48 -24.21 2.71 15.16 0.01 62
Car 0 0 0 0 0 0 0 1.24 0.0 1.8 9.48 2.74 -20.93 1.57 59
Car 0 0 0 0 0 0 0 1.76 2.1 4.56 21.1 2.74 35.27 -1.57 58
Car 0 0 0 0 0 0 0 1.66 2.24 4.62 17.47 2.67 -0.64 -1.57 57
Car 0 0 0 0 0 0 0 1.54 1.88 5.0 -39.03 2.74 15.16 0.01 52
Car 0 0 0 0 0 0 0 1.08 0.0 1.48 -32.57 2.71 18.66 -3.13 43
Car 0 0 0 0 0 0 0 1.86 1.94 4.6 41.91 2.72 22.33 3.14 42
Car 0 0 0 0 0 0 0 2.44 2.36 6.36 -18.65 2.72 18.68 3.14 38
Car 0 0 0 0 0 0 0 1.52 2.12 4.9 9.75 2.71 43.88 1.57 36
Car 0 0 0 0 0 0 0 1.64 1.92 5.24 -21.04 2.74 11.67 0.01 34
Car 0 0 0 0 0 0 0 2.44 2.36 6.36 -8.69 2.72 18.69 3.14 33
Car 0 0 0 0 0 0 0 1.48 2.16 4.8 6.26 2.74 46.89 1.57 29
Car 0 0 0 0 0 0 0 1.58 1.8 5.36 -16.83 2.72 -46.2 0.01 28
Car 0 0 0 0 0 0 0 1.48 2.16 4.8 -1.37 2.74 10.72 0.25 24
Pedestrian 0 0 0 0 0 0 0 1.86 0.38 0.38 -2.07 1.64 -13.17 -1.57 136
Pedestrian 0 0 0 0 0 0 0 1.86 0.38 0.38 -28.5 1.64 26.62 -1.57 135
Pedestrian 0 0 0 0 0 0 0 1.86 0.38 0.38 -2.31 1.64 -29.63 -1.57 134
Pedestrian 0 0 0 0 0 0 0 1.86 0.38 0.38 -1.6 1.64 -31.12 -1.57 132
Pedestrian 0 0 0 0 0 0 0 1.86 0.38 0.38 31.09 1.64 32.39 -1.57 128