Car 0 0 0 0 0 0 0 1.54 2.04 4.98 -41.95 1.83 17.36 -3.08 121
Car 0 0 0 0 0 0 0 1.54 1.78 3.7 3.59 1.81 -16.2 -1.51 119
Car 0 0 0 0 0 0 0 1.26 0.86 2.2 -6.77 1.86 18.43 2.98 117
Car 0 0 0 0 0 0 0 1.52 2.0 4.52 -19.31 1.76 -44.05 -3.08 115
Car 0 0 0 0 0 0 0 1.08 0.86 1.48 41.98 1.8 17.46 -3.09 109
Car 0 0 0 0 0 0 0 1.48 2.16 4.8 -48.31 1.8 -34.21 0.38 96
Car 0 0 0 0 0 0 0 1.58 1.8 5.36 11.6 1.78 -10.99 1.63 95
Car 0 0 0 0 0 0 0 3.82 2.9 8.46 -8.13 1.81 -47.69 -3.08 94
Car 0 0 0 0 0 0 0 1.64 1.92 5.24 -36.22 1.8 -40.18 0.11 92
Car 0 0 0 0 0 0 0 1.64 1.92 5.24 -23.24 1.8 13.78 -3.09 81
Car 0 0 0 0 0 0 0 3.82 2.9 8.46 48.71 1.81 13.98 -3.09 76
Car 0 0 0 0 0 0 0 2.1 2.38 6.28 0.1 1.8 -9.66 -1.52 74
Car 0 0 0 0 0 0 0 1.76 2.1 4.56 -38.03 1.8 24.33 0.06 73
Car 0 0 0 0 0 0 0 1.54 1.78 3.7 11.62 1.81 -4.69 1.62 72
Car 0 0 0 0 0 0 0 1.48 1.82 4.2 0.09 1.81 -16.36 -1.52 69
Car 0 0 0 0 0 0 0 1.54 2.04 4.98 49.54 1.83 -48.33 -3.08 64
Car 0 0 0 0 0 0 0 1.08 0.86 1.48 -22.15 1.8 17.28 -3.1 62
Car 0 0 0 0 0 0 0 1.24 0.0 1.8 3.75 1.8 -27.67 -1.58 59
Car 0 0 0 0 0 0 0 1.66 2.24 4.62 6.39 1.73 14.56 0.93 57
Car 0 0 0 0 0 0 0 1.54 1.88 5.0 -31.67 1.8 17.27 -3.09 52
Car 0 0 0 0 0 0 0 1.08 0.0 1.48 -44.03 1.8 20.84 0.07 43
Car 0 0 0 0 0 0 0 1.86 1.94 4.6 22.72 1.8 25.72 0.37 42
Car 0 0 0 0 0 0 0 2.44 2.36 6.36 -35.13 1.81 20.82 0.06 38
Car 0 0 0 0 0 0 0 1.52 2.12 4.9 3.85 1.77 43.74 -1.51 36
Car 0 0 0 0 0 0 0 1.64 1.92 5.24 -8.33 1.8 13.82 -3.09 34
Car 0 0 0 0 0 0 0 2.44 2.36 6.36 -25.02 1.81 20.77 0.05 33
Car 0 0 0 0 0 0 0 1.48 2.16 4.8 0.29 1.8 42.33 -1.5 29
Car 0 0 0 0 0 0 0 1.58 1.8 5.36 -4.54 1.78 -44.2 -3.09 28
Car 0 0 0 0 0 0 0 1.48 2.16 4.8 0.02 1.8 -0.17 -1.58 24
Pedestrian 0 0 0 0 0 0 0 1.86 0.38 0.38 -9.25 0.7 -4.38 1.6 136
Pedestrian 0 0 0 0 0 0 0 1.86 0.38 0.38 -28.52 0.7 29.2 -2.89 135
Pedestrian 0 0 0 0 0 0 0 1.86 0.38 0.38 -9.38 0.7 -22.02 1.57 134
Pedestrian 0 0 0 0 0 0 0 1.86 0.38 0.38 -1.83 0.85 -28.01 3.11 132
Pedestrian 0 0 0 0 0 0 0 1.86 0.38 0.38 23.93 0.85 29.48 -1.26 128