Car 0 0 0 0 0 0 0 1.54 1.78 3.7 36.92 6.13 2.75 1.58 117
Car 0 0 0 0 0 0 0 1.64 2.04 4.86 15.17 -16.34 2.75 -0.0 112
Car 0 0 0 0 0 0 0 1.98 1.78 4.44 24.03 27.88 2.74 -2.76 109
Car 0 0 0 0 0 0 0 2.46 2.62 5.2 22.3 -46.28 2.75 -3.13 108
Car 0 0 0 0 0 0 0 2.04 2.14 5.56 -37.34 -39.43 2.74 -2.89 105
Car 0 0 0 0 0 0 0 1.48 1.82 4.2 -46.28 -4.49 2.75 0.01 100
Car 0 0 0 0 0 0 0 1.48 1.98 3.8 11.66 -27.77 2.7 0.0 99
Car 0 0 0 0 0 0 0 1.38 1.48 2.2 25.94 11.18 2.74 1.2 98
Car 0 0 0 0 0 0 0 2.04 2.06 4.48 -40.94 -39.19 2.73 -2.91 96
Car 0 0 0 0 0 0 0 1.48 2.16 4.8 18.83 -47.41 2.74 -3.13 95
Car 0 0 0 0 0 0 0 1.24 0.0 1.8 -42.56 -22.87 2.74 -3.13 92
Car 0 0 0 0 0 0 0 1.52 2.12 4.9 -9.16 5.98 2.71 1.57 91
Car 0 0 0 0 0 0 0 1.54 2.04 4.98 15.14 21.05 2.77 -1.57 90
Car 0 0 0 0 0 0 0 2.46 2.62 5.2 -16.7 5.96 2.73 1.57 86
Car 0 0 0 0 0 0 0 1.42 2.04 5.36 -8.24 17.48 2.75 -1.57 84
Car 0 0 0 0 0 0 0 1.2 0.38 1.64 -46.04 -23.19 2.76 0.01 71
Car 0 0 0 0 0 0 0 1.44 1.82 4.68 11.74 8.54 2.74 -0.0 70
Car 0 0 0 0 0 0 0 1.42 2.04 5.36 18.68 -25.39 2.75 -3.14 68
Car 0 0 0 0 0 0 0 1.18 0.32 1.84 -6.57 20.99 2.75 -1.57 67
Car 0 0 0 0 0 0 0 1.18 0.32 1.84 -49.56 -22.07 2.75 0.01 51
Car 0 0 0 0 0 0 0 2.44 2.36 6.36 15.6 -5.07 2.74 -0.09 49
Car 0 0 0 0 0 0 0 1.2 0.38 1.64 15.3 -43.11 2.76 0.01 48
Car 0 0 0 0 0 0 0 2.04 2.06 4.48 22.2 -29.0 2.73 -3.14 45
Car 0 0 0 0 0 0 0 1.38 1.48 2.2 -38.27 -3.08 2.74 2.87 36
Car 0 0 0 0 0 0 0 1.28 0.0 2.36 -39.07 -22.04 2.77 -3.13 34
Car 0 0 0 0 0 0 0 2.44 2.36 6.36 11.67 -21.04 2.74 0.01 31
Car 0 0 0 0 0 0 0 1.88 1.9 3.86 15.16 -23.86 2.73 0.0 29
Car 0 0 0 0 0 0 0 1.48 2.16 4.8 11.61 -15.49 2.74 -0.02 24
Pedestrian 0 0 0 0 0 0 0 1.86 0.38 0.38 -6.56 -3.61 1.64 -1.72 137
Pedestrian 0 0 0 0 0 0 0 1.86 0.38 0.38 27.03 -22.39 1.64 0.21 136
Pedestrian 0 0 0 0 0 0 0 1.86 0.38 0.38 -23.47 -3.58 1.64 -1.62 135
Pedestrian 0 0 0 0 0 0 0 1.86 0.38 0.38 -29.52 3.94 1.79 -0.06 133
Pedestrian 0 0 0 0 0 0 0 1.86 0.38 0.38 27.21 29.91 1.79 1.34 129